{
    "1C435217-1F56-4B14-B162-D5571841CD11/ExpandedNodes/1DF6CD3E-B62B-406D-A167-C6201BD26795": "Group",
    "1C435217-1F56-4B14-B162-D5571841CD11/ExpandedNodes/75FB76E2-831F-49EA-9AAE-D1CFDAE47E37": "Snow-Man",
    "Camera/Position/X": 13.209941864013672,
    "Camera/Position/Y": 8.217392921447754,
    "Camera/Position/Z": 18.29403305053711,
    "Camera/Rotation/W": 0.9464614391326904,
    "Camera/Rotation/X": -0.08736789226531982,
    "Camera/Rotation/Y": 0.30945050716400146,
    "Camera/Rotation/Z": 0.028565317392349243,
    "Camera/Type": 0,
    "Editor/ValueDraggerStepSize": 10,
    "SnapTypePosiotion/SnapPreset1": 0.5,
    "SnapTypePosiotion/SnapPreset2": 1,
    "SnapTypePosiotion/SnapPresetSelected": 0,
    "SnapTypeRotation/SnapPreset1": 45,
    "SnapTypeRotation/SnapPreset2": 90,
    "SnapTypeRotation/SnapPresetSelected": 0,
    "export/projectName": "Snow-Man"
}
